0.318106347
0.964452689
0.952672445
0.097565909
0.610814153
0.91386182
0.945693703
0.809162758
0.925249316
0.16756458
0.975791889
0.991384395
0.334452754
0.163588022
0.040954531
0.780074127
0.993732754
0.159362105
0.6413898
0.04746126
0.782125062
0.721657211
0.285232931
0.707742044
0.308502714
0.001148834
0.891003727
0.281174871
0.863194927
0.208778923
0.196140487
0.339728427
0.766470842
0.511876641
0.113963376
0.898235631
0.567847317
0.677293555
0.243723465
0.688950018
0.949486358
0.826880139
0.54111367
0.356152735
